F=961;
pts1 = [[129 322]; [544 1127]; [225 133]; [335 168]; [380 341]; [210 738]; [210 748]; [224 738];];
pts2 = [[304 318]; [725 1106]; [390 114]; [499 137]; [544 309]; [385 708]; [386 717]; [399 708];];
% Center coordinates of image
X0 = 960/2;
Y0 = 1280/2;

% First image
X = [pts1 ones(8,1)*F];
X (: ,1) = -( X (: ,1) - X0 ) ;
X (: ,2) = X (: ,2) - Y0 ;

% Second image
P = [pts2 ones(8,1)*F];
P (: ,1) = -( P (: ,1) - X0 ) ;
P (: ,2) = P (: ,2) - Y0 ;